000000474854
000000145620
000000052565
000000355610
000000078170
000000395180
000000407943
000000455555
000000181542
000000291861
000000570448
000000295231
000000581482
000000052591
000000255483
000000415882
000000289594
000000151857
000000219440
000000431848
000000471087
000000224093
000000427997
000000068933
000000289960
000000059635
000000246454
000000229221
000000231169
000000505942
000000229948
000000402118
000000472623
000000520832
000000579655
000000328959
000000051610
000000484978
000000078404
000000205289
000000035197
000000322610
000000489842
000000112298
000000087244
000000433774
000000025181
000000456496
000000395903
000000455597
000000365208
000000198960
000000154644
000000074058
000000098716
000000297698
000000058393
000000003156
000000221155
000000238013
000000186449
000000027982
000000278749
000000192964
000000038576
000000006614
000000188689
000000255749
000000417043
000000222735
000000154947
000000274219
000000141671
000000023126
000000462031
000000098287
000000443498
000000161879
000000061418
000000001425
000000541291
000000370813
000000575243
000000302882
000000001490
000000250282
000000205401
000000222458
000000379332
000000531707
000000130465
000000278848
000000060052
000000555597
000000007888
000000005503
000000148783
000000571264
000000226408
000000219283
000000365095
000000376625
000000209222
000000445999
000000474095
000000254368
000000465675
000000101884
000000353180
000000460682
000000504389
000000460927
000000515579
000000295138
000000019924
000000226662
000000132587
000000002299
000000040083
000000024021
000000365642
000000070774
000000566282
000000365521
000000222559
000000289343
000000050145
000000385997
000000261796
000000373315
000000312263
000000228144
000000006460
000000341828
000000293044
000000298251
000000149770